534
-477
-386
-223
-199
142
-432
-378
-219
318
-414
-497
-142
68
-684
-277
-90
237
296
-107
373
286
-89
-155
99
-259
-421
118
-167
-357
-129
93
-77
-103
269
-416
72
-259
-42
388
451
-80
-25
-103
43
227
-95
16
-447
-240
-13
-468
295
-400
-147
-373
-213
-80
-111
381
-246
-626
44
124
45
-501
253
-660
368
-126
-596
-216
-369
46
17
100
37
63
-193
-93
-594
108
284
-851
-311
-123
-276
-307
-112
-47
77
319
-152
72
123
68
-335
116
-443
-49
-412
190
-68
-15
-89
-268
211
52
52
-332
-335
-269
-351
-9
-255
370
-95
-147
4
-20
-294
95
67
193
57
-323
222
-355
16
-137
-90
-150
-85
178
220
49
-228
-322
-220
-191
-323
-251
164
-61
-87
281
402
-70
-280
78
66
-315
104
-24
-105
64
-240
318
-83
89
14
-262
263
55
-408
-263
-378
-61
74
-59
-309
62
-350
54
83
-72
-591
73
-69
-392
19
36
-282
3
-88
51
-104
-569
-73
-227
-285
-258
66
-146
-141
-329
446
-269
145
334
-118
-106
92
-228
75
-203
39
8
-100
22
141
-473
-123
-115
-216
90
47
-320
-208
-237
144
205
-217
-103
-391
161
150
-65
74
-101
53
112
240
2
-259
-96
-206
-270
51
-97
54
-262
-263
-53
225
267
35
-425
204
-245
50
-265
-315
-194
-99
-183
141
-114
-279
214
-65
80
-268
41
-176
63
-129
10
36
-229
-116
86
-202
-584
100
8
-277
-481
37
-260
39
-197
-29
17
-450
245
119
181
-281
-279
-67
-56
47
-237
502
54
-300
-287
-43
211
-295
-268
-279
108
-235
-408
-169
49
-162
-48
-27
-276
87
121
249
-556
-164
-377
108
6
40
-103
-510
-159
259
-262
-291
-145
78
-440
59
-311
83
-81
-28
101
0
192
-212
-152
40
8
-133
-136
51
11
-233
23
54
-69
-26
16
-237
34
50
-292
43
-121
-553
11
-8
-337
94
-65
-19
-201
435
198
-382
-546
145
173
63
3
-2
115
-243
-515
101
-63
-14
11
-125
-76
-153
-7
95
-255
36
-54
-337
126
108
-7
-202
-576
-65
-57
-73
-8
152
-122
58
-66
-153
181
-143
-182
-285
-104
-97
-179
-139
-25
216
67
39
-509
-82
152
5
-112
-228
54
3
257
-376
-208
29
33
-301
161
47
-238
9
93
50
-429
-787
54
-293
214
-71
45
246
2
-136
210
-50
-6
-347
-165
215
49
-186
-92
14
120
-290
251
-72
-163
95
-334
-523
198
44
-384
73
354
-57
-406
-305
-39
66
-22
192
31
-93
-19
200
-229
211
4
289
-147
-5
-139
-313
37
-71
-62
-219
177
-42
112
-250
-231
-202
-77
-230
-107
117
233
-376
-268
74
-329
-219
41
40
5
-42
-249
252
121
-245
-134
43
-290
66
50
-13
272
-47
-7
255
-7
0
-391
8
196
41
-250
118
65
-206
-336
51
249
-48
-174
48
-60
63
-266
131
414
764
154
-158
169
-287
-275
207
-5
173
14
-33
-96
-149
-77
151
248
233
-154
11
-239
46
-330
-11
-3
-68
-131
106
-63
-57
16
48
-242
94
246
-785
58
0
243
-25
2
165
-9
177
-103
-165
250
-26
156
-260
-105
-149
-237
30
-148
-98
301
-220
-191
235
68
-72
-157
147
83
22
88
60
-190
-231
-88
-239
-136
235
-181
-222
-58
-77
68
-302
-139
-69
-233
-112
6
202
205
-51
-11
-231
90
-50
-358
0
-125
-312
95
-75
-368
-577
96
-75
-255
12
38
-3
-36
-4
-443
-61
1
9
19
-434
161
-85
58
49
23
-446
-61
301
35
-139
-55
16
175
445
78
-54
-203
95
-3
310
-5
-271
-8
9
-20
-491
123
-50
50
-49
463
199
39
-42
-26
-9
-14
71
32
5
48
18
12
-69
13
97
39
6
41
-157
-217
-208
-93
-304
84
-130
-268
-129
-254
-24
59
-26
0
-167
72
39
-74
349
312
-209
-312
30
-299
-273
-92
125
150
-19
70
-1
210
33
-232
2
455
146
-82
49
17
-99
-6
-491
-328
-103
-186
148
234
-132
61
42
-349
-437
-80
38
190
-104
208
84
-321
353
-9
-47
-114
173
-3
86
-271
37
-62
33
-268
-387
35
73
-69
47
83
29
-283
205
-67
4
3
-78
-411
19
-1
-61
490
-64
-177
46
-7
16
2
38
99
-397
55
-12
-65
-46
139
-177
75
236
-203
84
-351
16
92
-39
34
27
-2
0
-120
-2
-88
383
-254
-147
-8
102
46
139
174
-230
-144
92
-142
-274
-183
-120
54
171
-244
208
315
-78
54
-231
57
-101
47
39
55
-378
-43
9
85
1
115
39
-333
-62
7
-57
52
175
-2
-51
121
-283
259
106
54
-296
90
-393
51
-6
43
-306
-279
71
-11
-67
154
97
33
30
-87
-43
156
-124
-1030
-100
-22
293
-5
9
144
-44
323
171
-105
-234
0
-95
-108
-42
38
352
-86
195
-177
-3
-26
273
47
-56
65
-2
-73
-9
84
-89
-368
-302
566
-478
-196
-161
218
-8
-49
527
-29
-4
-10
-170
-14
156
-146
14
44
-171
75
-72
-27
-13
115
-520
43
-5
77
-79
-460
-13
53
-51
-244
-36
-279
26
15
-343
12
-262
21
-37
168
-232
-127
-108
-122
130
-59
103
115
-217
-238
-327
149
-13
-222
-19
-63
-287
-371
137
17
292
-63
-10
150
39
43
-38
-102
71
0
105
-365
-64
11
-240
-69
-264
161
41
-64
-74
-2
28
-49
79
-1
-117
-3
-19
-68
46
-48
-37
-134
-98
-1
-148
5
-166
-86
38
-64
-28
-249
97
-266
-1410
244
2
57
42
-221
-721
-331
-208
168
1
78
65
-367
-43
-166
-13
-235
137
-139
39
-62
-130
-55
29
-3
311
-64
57
64
-83
-14
0
-78
-62
120
98
-12
54
-43
29
-11
-103
-84
-185
-40
49
210
-110
-7
28
557
-12
-83
294
-99
-429
-249
53
-42
60
-237
-188
36
2
-304
622
183
40
-208
238
-144
-202
-362
97
-104
-61
-223
39
-293
39
10
111
111
-24
-97
228
220
153
-406
43
130
-110
-80
270
-183
63
-176
-151
11
-157
-78
-351
-143
1
400
-404
-397
44
-334
-353
-181
-10
147
-126
-125
-154
60
-20
-308
59
-207
157
-75
-156
-136
-329
-43
-28
261
-200
-225
29
-207
-18
-329
121
-15
44
-51
-17
-326
31
3
158
-92
134
-43
-304
214
90
-225
-36
-74
-8
177
-165
-7
-2
217
-531
-219
98
-441
140
-9
149
-3
38
132
-5
-220
-116
33
33
-64
5
-100
21
-46
-158
-12
45
-215
-48
-203
-60
-14
67
-171
172
77
37
-47
48
115
34
-53
82
-51
40
-160
42
-64
39
145
146
-98
56
-73
-166
-74
116
-131
4
100
304
-174
-217
-282
-50
-104
-75
-334
60
74
-620
225
205
37
-208
-181
-186
43
708
29
-1
59
-79
-12
-297
-69
-138
46
160
61
-240
-19
10
43
-8
24
-101
-58
-70
-27
-12
38
-5
-205
-53
51
-46
127
299
-16
-59
-210
155
-10
-294
-2
96
-25
171
40
97
38
-174
65
-7
-90
-9
-6
27
119
-72
-5
-83
-313
-4
167
-133
-200
0
-13
4
-159
45
11
116
85
-598
-169
117
-68
-47
-6
-8
1
108
-5
-8
28
74
30
37
-137
-15
-115
310
-590
-183
18
-313
34
-7
34
-37
49
-95
207
214
-242
11
-497
-54
153
-56
161
-59
46
-178
88
-224
60
-15
-50
247
-15
-116
29
463
59
126
155
102
-217
-202
-172
9
35
-35
35
-51
-119
-241
83
70
60
-147
-156
-144
-205
-207
35
-42
369
34
-86
-29
-254
-123
9
-278
244
-265
230
-259
157
-21
16
-239
-215
155
-7
33
-289
194
76
5
-218
-15
91
0
-8
151
152
-300
-4
41
-57
70
-194
-58
49
42
328
-138
162
-127
-303
5
7
-53
0
-56
-2
114
-52
-196
-361
49
215
32
-119
132
-7
62
250
51
-65
43
-219
143
-65
1
-154
107
58
23
-68
-185
-89
29
-2
52
148
4
-84
351
0
-3
96
-703
121
-148
-2
89
364
61
-2
-4
-231
-54
50
-23
-141
47
496
-67
-140
-655
-63
41
56
79
-244
32
-15
10
-11
10
7
264
-17
-152
-16
14
-1
37
-45
-152
-276
199
-16
-4
-14
87
-67
-33
7
6
115
-50
-138
-3
17
174
-52
182
-94
-220
-69
-88
-81
-176
-53
-126
343
11
-182
257
-3
-209
138
-86
-306
-227
42
160
-72
-163
-196
116
-195
11
-12
-5
-245
-179
-72
-64
-178
117
46
-161
-263
88
-74
-113
45
-2
423
-1
0
-158
180
100
-6
120
82
-314
11
-42
86
-218
14
133
160
-157
-216
-16
-45
-7
-62
-60
100
-68
44
-277
184
-304
161
338
-86
-65
36
-298
-101
126
479
-227
-298
-171
-122
30
-19
-51
236
-68
-138
4
-3
-45
53
5
-4
-48
104
-52
-434
-7
-51
-115
60
-46
-70
-118
106
37
192
-48
90
-164
4
270
76
-55
61
-8
-1
19
20
-35
-476
-47
36
411
-207
-356
8
-141
5
113
46
-16
51
-81
222
163
44
61
138
612
40
0
-29
-269
-51
-54
28
-439
165
-2
50
-221
35
86
-640
129
-750
-153
86
-283
114
-266
8
135
-137
-128
-84
-81
27
-36
241
-139
3
-80
-1
-195
61
-24
-202
-26
-103
52
0
-1
-93
-365
-10
67
-214
-125
-48
59
-9
-456
-55
-45
-2
77
-243
8
250
-5
-14
167
6
-1
87
-1
-134
-149
5
-93
9
-37
-55
-277
-39
11
-396
42
-197
28
283
70
-206
36
50
-12
-42
-32
-8
-16
-93
30
-133
166
44
-50
-130
-17
-104
-54
-127
-52
46
3
-53
63
-488
-182
-43
48
1
43
-578
616
-69
80
-371
-4
-59
36
-56
-29
6
45
-37
-134
225
-123
-54
-18
-63
2
-45
33
-11
44
-289
-57
116
-38
-174
166
114
-22
-119
74
-309
-11
-68
-33
497
39
-182
235
-57
-185
319
-370
-200
-218
-38
140
93
-8
-157
-16
-87
-77
19
-249
47
-15
83
-75
-310
33
-169
42
-13
51
-201
73
442
4
-19
81
196
47
-60
44
-11
205
-209
38
-186
145
10
-507
128
102
-196
221
-143
10
-49
47
-12
362
337
12
-53
-319
66
58
-220
80
64
68
-138
183
-149
-190
45
-275
6
-115
-69
-125
106
41
-282
166
107
90
-74
-338
-224
66
-253
162
6
-144
0
-24
-167
-119
-271
129
-78
-285
-222
168
-58
46
-84
-30
98
-228
137
-14
-390
19
-50
-163
21
-110
102
135
-99
224
-298
279
35
34
-3
45
-135
-28
100
-65
-6
202
-122
-44
0
4
51
47
-15
-83
-159
-8
50
52
-145
191
217
42
-340
-15
195
57
-407
30
-335
0
167
18
-172
85
116
-11
68
-212
-172
-18
7
34
-152
103
-278
74
167
-501
-58
40
-99
439
-97
-791
-35
-16
-144
64
-670
15
239
35
-3
15
182
37
-95
-60
-7
47
-39
38
-42
-18
-5
-46
-116
68
-39
17
70
-787
-374
226
35
-263
19
30
172
54
114
9
-50
34
215
44
-45
-36
267
28
-201
-155
-3
-523
-107
6
-44
-56
-17
330
-297
17
-45
56
158
-118
-32
-77
-57
64
74
49
-193
21
-68
34
-103
41
79
-68
39
293
-182
106
-341
36
-12
163
-55
-206
-81
-164
-117
117
93
6
44
-246
-181
18
-191
174
-32
18
244
-72
98
0
217
-236
-139
-1
184
49
29
-13
-27
-46
42
52
239
0
0
185
256
-11
3
-241
-111
-45
148
-5
-36
249
-21
-529
112
73
-146
88
143
-37
61
110
5
46
38
-50
0
323
166
-264
-122
-53
132
-54
46
-37
-72
-114
10
101
563
-71
87
73
163
20
-114
-251
58
214
29
-9
-346
-45
32
205
41
39
-471
-206
-35
-6
-188
-116
53
102
-5
-127
45
11
44
-118
13
38
35
-73
-77
-251
12
60
120
-53
42
-144
-911
-9
-144
-7
-136
-56
36
-88
245
445
355
13
-23
9
243
-34
58
-56
329
-1012
96
-6
43
-239
33
-292
126
-79
-97
-47
-151
-39
82
-40
193
-226
61
-479
33
-6
119
102
-400
-492
34
261
-24
28
154
-48
29
-71
185
-49
39
-14
-412
-15
41
-45
1190
-43
233
56
-230
-96
-97
-46
-57
181
122
-47
10
-59
-117
85
-42
57
38
-380
-49
34
-277
-151
-125
152
-302
-156
-292
-421
-79
-177
-183
57
264
115
-218
148
-96
-67
-7
52
171
44
-214
-8
107
17
-40
-181
-41
99
4
12
-69
216
39
-237
132
35
-230
50
24
-15
62
156
232
-80
-170
15
204
48
150
-65
-3
52
-274
-148
-169
-123
147
-13
31
28
-444
34
-120
178
431
203
-259
36
129
-40
-139
-44
64
238
-8
89
17
36
-263
-50
-198
33
-39
38
-182
284
238
-50
107
-132
-11
13
-60
-226
-52
34
-44
14
40
182
-40
-88
-142
-924
132
-22
7
60
-10
117
-195
-957
-163
49
-41
5
-434
303
-104
39
125
-62
-12
111
48
-112
-52
79
-79
35
-130
122
115
33
-10
-88
1
20
297
-82
-46
0
-37
-101
-46
37
-15
87
79
-9
-45
-258
-137
123
67
9
-153
39
-37
3
-4
91
306
-158
-467
-7680
-61
-8
-39
-15
-165
278
-66
35
-53
37
7
323
-32
-175
-122
-120
65
-123
-61
194
-89
-202
120
171
63
-55
71
14
-255
-305
38
-363
-72
121
-15
-219
42
-300
67
9
-10
73
-360
-54
86
-64
10
135
64
1
-127
21
-133
-161
329
213
28
-345
-346
103
-67
150
-42
3
-4
-61
-137
192
-41
-44
59
64
33
-214
603
48
37
-11
45
-252
-41
-61
36
-266
50
-232
-7
-255
187
71
1
-51
165
-47
-74
-17
-3
-53
-91
277
54
132
-112
8
3
87
84
-64
35
-3
48
89
-9
-109
170
-125
33
-14
-147
249
45
-207
71
-34
-17
-46
-40
74
113
-49
-2
-108
-218
214
25
-47
64
-90
41
-37
-54
-182
8
-69
92
-12
33
-275
6
-66
-454
76
50
-110
-130
199
-161
-11
30
-4
22
10
-486
-15
227
-56
147
-138
-20
-51
106
-7
-30
84
-5
-112
30
234
28
-36
51
83
40
-19
29
-42
57
-49
29
-229
91
-117
60
-7
-130
-138
-227
206
3
-11
18
-50
-1391
114
-3
-38
118
-422
-9
88
31
-15
4
-70
-45
-82
32
-127
11
-10
0
-391
9
25
159
-238
-103
24
95
-59
10
-127
8
-128
9
-16
124
34
-113
7
3
3
74
-103
84
-136
-369
-202
-68
-139
5
-127
-202
204
-84
-69
-135
-144
-44
-23
-14
60
45
-109
148
8
17
-321
136
298
100
-188
-36
30
-362
113
-356
131
-14
-20
-221
133
-41
-43
-1
162
-86
-8
165
13
167
49
-238
-174
3
257
-59
-185
-56
42
-61
130
231
35
-169
205
-85
-142
-15
87
71
300
209
-47
83
50
-239
6
-54
189
-49
178
100
-18
244
-13
19
13
184
36
10
137
-11
8
-66
40
-187
21
-90
72
-215
38
-48
113
-14
-79
420
-199
-59
-92
199
302
-120
56
-9
107
-42
40
-1
-7
-58
-15
-76
56
311
3
-382
-98
-54
0
-159
-108
6
33
301
8
-81
216
94
-133
-15
202
-299
10
-91
53
-48
65
8
-253
-34
86
-46
-251
-8
298
163
-59
-56
41
-43
66
-196
-69
19
-9
-45
48
180
17
192
49
-12
-114
166
-14
-39
-156
-12
28
-204
-48
-34
124