-567
339
272
301
322
-479
112
113
218
-402
302
179
442
-558
116
137
238
-169
-76
347
-50
-135
292
197
-387
375
256
-408
212
108
269
-344
371
310
-117
39
-400
59
327
-77
-13
393
239
246
-757
-112
102
-677
72
59
275
25
-274
196
353
132
149
299
244
-35
70
60
-343
-230
-418
46
-97
63
-75
161
13
99
25
-322
-609
-70
-291
-324
69
181
9
-12
-89
54
277
359
189
96
323
117
-245
11
138
-381
-134
-409
39
-184
17
174
19
-55
335
312
217
76
-83
-214
-171
35
19
49
17
199
31
3
135
100
-542
252
24
-37
-148
-43
-163
64
-69
60
-323
77
135
61
132
-3
-66
-151
267
141
163
136
92
92
-128
218
292
-46
-80
267
50
-340
-179
57
-131
158
121
-175
29
-14
211
-45
-396
61
-81
-211
13
33
9
126
-146
163
16
-255
9
-266
-138
113
0
-165
205
54
-270
-219
16
162
144
-385
96
31
173
243
125
127
-320
152
77
57
-25
47
-119
-67
106
151
-117
36
-249
46
-339
-536
131
-328
-118
11
88
109
42
-120
-427
9
59
25
-48
-97
50
129
59
-81
-3
266
-213
116
-384
-98
-27
-430
61
119
45
18
-395
96
-317
13
58
314
-11
-55
-486
1
-21
16
-195
210
75
148
229
129
-180
181
68
-98
66
-150
43
-224
60
-144
98
-355
-273
50
111
-114
57
-1
-133
-386
47
0
-568
15
-303
31
181
-269
49
-64
-54
-71
62
14
50
269
-440
15
7
-123
41
10
82
-67
38
10
39
-108
47
0
79
-166
39
391
166
9
-25
-87
-4
-7
42
0
-45
-327
-388
83
38
284
-157
101
73
115
-174
15
-442
31
-207
172
215
-121
242
-80
45
63
-109
-409
96
63
-369
-348
69
-208
-191
207
220
-253
39
-180
-103
18
-184
67
37
-275
311
3
-39
180
85
19
12
-62
31
-6
-30
-68
-165
-317
260
-92
52
-5
-75
277
311
-272
43
132
63
-592
-83
18
-441
260
38
-74
-86
-600
39
-7
60
236
79
-693
-8
58
-267
196
71
-65
280
135
103
189
188
97
93
203
-84
-247
-271
34
154
-54
-375
52
26
-102
-411
-34
2
66
-183
-421
6
-26
-137
51
-258
-70
-136
53
-9
-182
4
-16
203
-175
-55
319
37
-3
276
291
-1
61
-52
-312
13
74
-171
4
6
7
151
67
-85
40
-6
-11
-114
36
-97
16
203
29
-1
104
-98
196
-57
-372
66
124
-56
37
-51
69
-48
40
-419
61
-1
-115
112
64
6
0
389
-55
5
164
147
336
74
136
-114
-70
52
17
-133
11
47
-176
-215
-349
66
16
-4
-83
51
57
-274
9
-183
-136
249
-60
117
-682
6
-555
191
2
254
-63
-156
7
-34
-133
38
0
-157
-53
122
28
-383
208
-17
12
-1
-47
24
-69
40
-60
50
5
-4
-444
-14
-197
171
79
65
105
4
-53
10
43
209
6
-87
0
64
-366
85
33
-79
181
49
-227
-70
6
-44
-51
29
-116
100
-51
52
-261
-23
-493
-17
47
56
-47
95
-68
147
258
144
79
-286
84
134
-8
30
53
-72
-179
187
39
-87
-33
-245
-119
-134
55
16
55
12
44
-56
46
14
134
143
-179
11
66
148
50
54
197
-63
-9
282
184
11
-96
286
49
-297
42
-3
-21
152
34
-8
4
136
41
-192
-167
-314
110
-305
36
138
144
-203
379
-7
8
76
-97
-135
538
-10
91
-45
-332
35
100
-184
16
-42
-42
187
52
-75
103
-44
178
0
137
-191
85
-9
4
186
-125
197
17
-47
-410
304
100
-412
138
-81
-263
-202
-214
-160
402
98
134
-72
-78
-223
-51
20
145
114
173
49
-182
29
51
93
32
147
-134
122
-398
48
-114
-54
133
7
-57
37
4
-252
5
50
97
-37
-71
154
-96
264
-57
-303
11
274
-44
-18
102
-311
-182
46
-395
42
-4
60
14
-4
-54
47
-101
-657
-3
42
84
-124
-57
48
-53
-153
-5
15
-394
95
35
-4
-313
0
-3
-317
131
-181
0
37
-119
-106
111
-243
-78
-506
-2
-8
99
150
-242
54
-7
297
-285
53
-40
46
11
-191
-428
195
-226
-630
-76
41
-95
152
141
104
-60
40
-87
24
8
-13
-5
234
-73
136
-113
-655
-283
145
32
223
53
14
-2
43
-355
0
-106
4
-50
132
180
-171
91
48
67
68
-276
-71
61
-63
1
181
-368
12
-114
88
-343
-132
-186
-6
49
-224
-61
-320
-21
-124
46
159
236
198
-278
-59
158
258
11
1
4
-73
-42
-2
-75
-7
-182
-388
-99
-5
37
-105
105
141
4
-75
-118
-132
53
367
-10
34
27
57
96
-50
149
-171
-19
298
11
-55
51
10
91
49
62
325
-551
-41
54
-50
55
-255
125
-44
-191
139
-129
-245
43
-336
3
61
39
-3
16
-11
39
13
1
-341
95
-38
65
-267
101
8
96
-53
45
-165
-253
8
0
120
146
-487
-2
-13
-314
-277
-94
60
39
-486
5
156
47
550
33
-132
316
-8
411
-1
243
495
-178
78
146
148
110
-51
281
14
-85
57
15
47
-66
182
19
232
185
53
-3
-29
-196
10
151
83
-65
-143
-134
75
64
-120
-289
-67
-4
40
-179
59
116
36
-65
-453
138
85
-298
-638
245
-65
-258
49
-256
106
100
-92
237
85
23
62
-322
43
-224
33
56
-129
117
142
4
-43
1
28
-47
210
-88
-356
0
29
-6
30
-53
136
-79
-13
-3
107
10
162
2
-16
21
-102
131
35
160
-698
-276
8
112
-61
-78
66
-501
189
67
43
-66
-73
-451
-6
263
-319
-439
52
52
51
427
-90
-46
31
-296
-1198
-37
87
78
6
55
40
-2
-176
311
-105
-4
49
-107
200
-8
16
-48
-202
150
-75
106
43
6
-106
91
220
25
-177
9
-177
-247
0
-83
185
77
-26
-55
-40
-5
-97
-69
67
142
7
16
-53
16
71
-226
40
108
40
31
210
-43
37
-7
-177
-6
37
9
205
-63
50
34
47
-89
53
-3
-116
3
8
69
44
17
30
284
117
-47
36
2
-282
0
89
-7
-37
-634
-112
180
157
-6
-275
-181
8
44
3
287
44
-46
-61
0
66
66
150
-55
39
-290
318
-48
31
2
-29
-14
-10
-276
0
-216
-203
-54
109
0
57
-98
-203
104
203
29
320
197
40
-471
-39
0
43
1
63
-469
-98
5
-3
-72
-360
204
-21
-56
-330
139
-41
136
-43
10
-264
81
-418
-51
-172
231
-327
193
57
79
-98
70
-310
-79
-52
52
9
40
302
84
106
45
-114
-28
-10
-12
-52
-290
4
57
10
-285
-37
-1014
-252
-191
77
134
-1
60
20
-171
-53
-267
0
157
-217
-130
-325
696
39
35
87
123
-514
-28
-298
36
157
-192
256
-8
-47
74
152
45
-54
154
-6
145
-69
63
-52
-194
-65
-73
8
-68
-293
76
-339
180
-115
-15
112
180
61
29
-280
19
29
42
-218
107
-166
39
-87
202
-57
-1
-15
51
-57
63
186
73
-285
170
-67
48
-281
-750
-70
-160
-94
49
-498
47
-39
28
5
252
-11
-301
-239
-383
400
-173
27
7
-43
33
-133
33
124
2
138
-5
127
-56
4
18
-2
-73
-571
104
-51
69
22
-280
-37
-108
-52
7
-55
36
-3
32
-162
-120
499
-542
126
195
101
-162
-147
-175
70
62
69
29
61
-169
107
-48
-234
100
113
0
43
-205
46
-53
56
-48
37
-60
55
-154
39
3
-23
-358
-126
-3
0
-75
51
12
38
-67
266
-301
-14
-62
43
-273
-342
116
-95
4
60
-82
-261
-44
61
-53
44
-8
257
-153
96
-183
82
-198
-15
147
32
-13
-162
-46
-543
22
4
-282
-98
-43
-98
90
-233
-5
0
88
89
10
-13
-82
2560
85
45
42
-394
-255
3
-51
277
50
17
-215
93
-70
27
-59
44
-214
-44
-37
3
-194
195
-2
56
-91
66
7
-171
-37
53
12
33
102
-182
-74
0
-2
-301
-475
99
-284
252
-177
17
-639
38
-547
200
-184
-349
186
49
-10
0
-465
53
-362
-30
66
44
-156
77
-58
53
17
133
-126
20
128
-149
153
55
156
129
105
24
60
46
10
-209
57
-50
206
5
-19
108
39
2
-232
-66
68
25
57
-67
35
-185
131
-277
37
7
64
119
33
-61
-157
8
44
-70
61
36
-61
-242
24
-220
98
7
12
-61
64
-59
-52
-10
154
229
-69
5
163
-59
8
8
42
-508
97
-235
58
138
-32
82
-155
-7
7
-11
2
-38
43
121
-89
-10
40
-51
22
-1
36
1
38
-115
71
172
23
85
35
-174
138
201
-122
-156
106
189
-34
157
37
-279
57
14
-54
158
64
10
0
-86
2
123
-44
2
81
-44
-2
121
-68
-261
146
-107
737
534
36
138
-400
-37
33
-14
147
5
95
-58
-104
-433
-117
39
8
-47
-122
-67
13
-34
-173
-187
78
-8
83
111
-1218
-15
-8
-196
-21
-6
-570
-61
32
-50
35
7
-36
-12
-17
-10
209
-48
155
112
140
118
-251
182
-55
64
-276
131
-318
52
-89
52
5
140
68
-261
-223
205
58
36
-489
-83
0
42
213
-18
-295
38
129
74
-228
-11
-5
247
-44
70
-455
-6
-180
84
-77
148
11
48
-176
39
-153
96
132
36
302
234
-14
-256
-1
-431
-39
-47
-4
-65
-79
107
237
103
-253
65
30
-263
8
0
-87
38
7
47
20
57
16
56
-111
97
102
-68
-17
40
198
-154
-158
-181
-18
21
70
-15
-15
129
78
-128
100
51
-136
-160
363
40
-42
38
108
37
68
110
177
-86
-346
-15
-10
60
-54
53
-2
11
-60
70
19
-5
-10
128
67
81
-35
-7
-3
11
81
43
-37
31
-6
42
288
9
-52
138
0
107
32
55
-105
28
-76
63
-59
39
-13
-595
-2
-171
-324
3
-6
-7
-36
96
-867
4
-45
-79
84
-46
-289
17
-4
-47
-4
3
-106
30
-50
-6
-6
16
0
125
130
-41
-289
22
-37
219
86
30
-62
-75
0
-36
-72
-72
156
-105
75
36
-175
31
-262
54
124
80
-76
-255
5
-7
-68
-96
105
33
0
-54
-2
-14
-187
42
-238
64
17
41
-5
-39
188
46
-3
-9
108
-252
54
76
-62
36
-52
102
-13
318
153
40
-116
57
-61
10
36
21
-8
13
-86
-104
-209
-83
11
56
-56
45
-223
5
13
88
-167
150
-82
-60
-411
38
3
142
-96
-109
11
11
-45
-76
-12
47
-46
-16
-15
-361
-13
113
-47
208
0
14
-51
58
-66
33
4
36
-143
-75
3
0
-10
-64
-46
37
87
-258
21
15
21
30
486
66
11
-10
-18
220
-40
-654
-181
422
-44
-20
25
68
-217
-143
248
-281
210
73
-200
52
16
-45
283
178
-64
29
-13
11
-88
29
-112
-186
-46
9
-53
71
139
-28
-42
-201
170
41
-40
-1149
3
33
-187
35
20
107
165
36
-599
21
-13
188
178
-52
-45
48
839
60
76
-34
-74
-174
-3
278
50
-145
36
-142
-58
50
-87
23
0
6
-12
-131
-305
9
126
102
176
65
79
-70
-69
-226
-139
6
54
-174
60
-54
172
-206
4
120
-15
-260
1
0
63
-240
2
-91
-417
-434
132
243
-296
-84
0
-198
190
-47
8
-327
170
-5
59
219
7
-247
132
-46
81
-15
5
-74
59
-66
15
419
-114
-60
206
-84
-363
149
99
-40
2
-8
41
139
-3
194
-189
393
52
13
75
-72
22
64
4
-64
22
-104
44
-9
-206
-44
-503
-263
31
190
-113
-44
-31
-85
37
-7
84
-213
45
17
-96
-53
116
19
-72
-141
-53
17
193
-81
-291
48
42
-5
135
-71
16
130
-371
6
30
-261
47
-212
36
122
-156
30
16
-36
16
-138
100
-138
9
586
-153
95
12
-18
-11
-204
-161
-10
-404
-12
-8
43
41
144
30
237
-41
260
8
-2
-29
-17
-172
-190
-6
-54
36
-17
-579
-38
106
-106
15
118
-338
49
19
117
-127
-394
29
-375
-28
146
24
222
14
-71
75
155
100
150
163
-37
-74
134
-228
113
45
-76
409
-136
-107
33
251
-144
-2
34
24
-10
-7
57
-7
32
65
39
0
-141
-44
10
-3
-4
35
60
-331
-47
-50
-83
-1
151
-60
187
279
43
257
-13
-240
139
103
8
-89
43
-51
-126
-4
-42
-106
181
-78
6
-42
51
1
224
-44
-155
-49
41
-196
-29
-9
47
1
31
-49
62
-99
-7680
-16
-179
15
0
-36
0
-4
-107
-52
45
7
77
-67
18
-219
-12
-115
-119
-11
73
-2
-902
375
-333
-2
21
-43
64
-62
51
-272
127
106
34
149
-805
177
77
-81
14
235
51
5
33
-49
40
-141
-11
-241
-1
-5
28
2
-21
290
195
-15
23
21
-281
-51
36
-315
3
-82
58
130
18
40
-45
14
-18
-50
-220
-290
40
-157
178
-38
44
158
108
320
36
152
-201
-364
7
-57
81
166
28
5
8
-65
232
2
-245
350
55
-226
16
-38
32
-16
28
93
70
276
52
6
14
53
-400
134
-335
-130
16
787
99
115
109
-170
71
113
-64
88
8
-15
-62
-123
184
-87
-210
48
-7
-138
-10
39
-56
155
-3
-70
-10
-14
-140
123
-84
32
138
11
106
176
-58
-55
-185
47
-118
61
8
19
-47
-7680
-12
40
-64
47
-49
58
-170
165
89
53
-45
78
256
-16
-78
-240
-6
21
-79
-216
-342
-155
-9
83
75
-384
-11
-37
-9
153
-9
14
-67
91
131
0
157
46
-493
157
113
62
-38
-46
-48
58
-132
89
-55
-73
67
-127
-197
-82
-57
131
12
1
17
-485
-365
46
-42
-71
-4
-1
650
73
167
69
-64
14
119
65
18
43
-45
611
159
-16
27
-234
381
50
0
267
69
14
-247
-89
-13
71
53
29
-57
-25
20
41
-44
32
-284
-1234
-163
628
-130
28
-362
10
85
11
0
91
112
-11
-235
51
-59
68
12
-724
-40
-510
334
-11
-52
-244
-541
-412
179
-102
113
-403
-10
-3
6
-16
-215
41
1
34
-41
141
-275
299
97
28
-47
47
243
9
-16
107
-54
-544
-380
82
48
71
68
-155
5
124
-238
87
-15
164
-101
-117
55
108
-162
-77
103
-199
41
-204
65
-181
189
-62
-33
35
229
-220
218
-75
49
-65
55
-11
48
80
42
-159
49
-3
-8
53
47
13
49
244
63
-419
-23
-91
51
-48
209
-117
36
-52
13
-56
36
458
-483
-14
-26
-12
-23
-365
82
-8
-4
279
79
-176
-1
32
100
-51
232
-50
-132
-8
32
-162
16
79
43
90
-190
106
0
-42
-133
0
15
37
33
-350
-1
-79
21
-45
36
-60
-5
-5
118
102
7
111
17
-53
92
-39
71
-93
106
-43
-167
-117
18
-257
108
67
-266
-5
400
37
0
-9
-223
152
-14
-348
65
-36
43
73
52
-39
19
20
-94
-236
20
183
-224
-151
123
86
80
45
-75
-36
142
-16
50
75
171
0
30
-129
-55
-38
102
29
21
-48
40
-273
13
-15
169
15
-63
101
-24
-117
37
404
19
120
30
-214
20
-45
32
69
-110
150
-9
-5
36
-106
53
162
-131
-45
175
-40
-62
-225
45
-42
88
221
30
-230
-277
-8
55
430
0