-129
50
89
23
61
407
11
-77
24
-86
83
87
375
148
-78
33
75
-28
-40
64
-84
-563
58
41
374
285
129
58
59
-12
134
-29
206
192
-284
-200
347
-7
473
-210
-174
1522
79
71
162
-37
7
123
-322
8
110
-184
-269
64
596
25
27
75
81
-1136
37
-154
75
-45
138
-146
-46
-267
-173
7
-529
93
-139
107
91
-23
178
234
9
53
-108
-23
-67
-279
163
770
319
0
348
36
36
-96
28
138
-13
119
-34
-44
-100
15
-50
-19
314
117
80
-119
-119
80
17
-145
-66
-90
-93
68
-54
-138
69
13
342
1056
-149
-67
-15
-26
-15
-186
-98
-317
96
-10
491
9
285
-191
-205
123
373
52
65
9
130
11
-49
87
124
-184
-293
242
27
168
-3
-124
-52
153
100
233
-66
-722
721
-30
249
-119
-186
152
-99
-244
-123
30
-8
85
-27
76
-181
93
-4
70
-141
274
973
-52
43
69
-29
43
25
53
12
-447
33
128
130
27
107
52
107
-61
-159
-23
-6
-116
271
36
46
-11
46
29
130
103
30
134
-11
-155
-159
11
-221
-34
138
-460
-42
-20
-38
-48
-95
69
-98
-151
-252
88
-15
183
234
-46
-49
92
-81
65
-37
-18
521
195
219
-162
-275
546
-856
-268
253
-104
-142
-74
61
189
63
52
201
51
-76
171
-210
-290
68
-25
-161
0
-91
7
4
160
254
8
3
-28
-97
-420
-39
163
-53
-207
102
-31
175
0
37
45
-214
-942
-67
-70
-150
-42
-56
120
98
25
-91
-28
-166
-100
10
-80
-121
-61
-248
-52
-82
-125
-84
-7
-128
77
25
-41
-5
-16
-180
-248
-134
-603
-48
594
210
12
-178
528
-373
58
134
51
60
-137
583
-25
74
102
190
-36
167
-140
-162
10
112
143
18
11
144
106
-64
-31
85
245
159
88
-112
42
101
-65
199
5
-360
75
144
-835
-68
154
9
-60
-197
-120
-189
-114
-23
-41
46
212
136
-59
-140
-330
-3
397
149
211
-100
1340
31
662
-19
-75
318
77
-325
-278
-24
130
-122
-329
15
137
33
413
-40
29
102
1143
-181
-57
564
141
76
102
234
61
36
124
-180
75
43
-188
339
-36
175
-35
-17
33
396
-125
-249
-156
-39
200
-170
-82
-4
-137
79
-1
-1
-382
-318
69
-87
-52
32
421
-153
104
2
-1182
373
493
-302
-135
-179
741
-48
18
28
-97
-275
-267
93
-77
-28
-164
-166
-50
-111
-361
-32
-171
187
-577
-242
17
-8
1127
-108
167
22
130
-169
-393
-47
75
-139
-100
200
-84
-94
264
51
-49
-108
-104
160
-24
-139
166
104
817
50
160
-126
-145
-252
-48
274
-84
-91
4
146
125
22
-25
-124
-39
-233
16
138
-141
192
-35
268
-180
70
135
-86
121
226
-137
80
-85
133
-44
-40
-15
-171
-140
41
-368
106
-15
130
79
7
-180
-183
-440
-526
-183
-180
-502
-81
-63
-200
229
-40
55
26
29
19
39
-112
-161
-125
-6
781
21
98
-108
22
222
0
62
69
124
26
580
79
-70
-25
-65
-414
-30
181
-476
19
91
-49
229
-35
27
-74
-93
52
-56
128
381
106
67
-7
-36
92
-154
-22
-97
-108
50
395
-112
-64
-8
49
-63
-17
-86
-69
-167
-33
-78
-181
-255
-4
97
87
82
-117
14
233
-384
72
935
-749
-286
62
27
-65
53
53
-163
61
-84
-91
-32
62
-129
-126
-63
144
-73
-13
64
122
12
347
-240
183
165
154
248
-81
-679
282
46
6
326
-234
30
-73
387
22
28
141
-212
-283
-22
280
-274
-86
83
-192
768
-177
81
33
111
-375
-51
60
119
35
-224
-60
102
190
72
668
53
-64
329
144
135
49
176
124
145
-59
51
41
118
2
198
132
136
26
-23
52
24
10
-69
115
42
40
106
-104
-14
37
86
-209
-255
-135
-153
508
-36
-245
25
-72
72
21
-43
855
-108
241
-47
188
-93
-33
14
202
14
-126
354
-559
-23
-73
-81
-235
-340
-220
-34
226
-275
-97
22
87
-100
-80
-218
29
-92
-337
536
58
26
-188
236
-24
-213
190
30
88
-73
-152
-1
102
38
132
-25
210
-108
-63
79
137
118
0
-201
313
97
15
-366
-61
-45
387
2254
169
101
208
-69
-498
-14
474
151
47
-82
-117
-23
-227
-60
-29
-184
263
-60
184
-4
202
119
142
-25
63
11
-219
-78
-226
230
-97
7
-154
-98
112
473
-91
54
-15
-10
13
154
-56
-11
-157
-142
95
143
-54
52
14
412
0
47
-147
-86
60
-21
96
-102
-3
-165
115
187
162
206
-70
328
400
-63
-62
-67
-107
36
-110
31
-65
85
350
97
-160
-319
-69
486
639
-188
-42
392
56
9
136
-136
11
-269
8
91
-235
27
50
-33
150
-1647
-90
-53
-52
88
48
-80
263
446
-139
-15
-44
-47
106
17
-195
1
472
65
231
-43
508
-22
48
-176
-135
-87
-50
-69
-10
-184
159
27
-67
25
187
16
0
29
-204
-102
126
189
-13
-99
49
53
242
-168
-344
182
100
-17
100
-348
89
-68
133
10
226
-435
-32
309
-380
202
-48
351
331
-138
63
224
87
32
-153
652
-282
-138
-259
30
-39
-535
235
-29
127
146
-129
-79
-29
33
-178
108
131
-295
128
-1
11
134
-59
155
11
-170
-101
41
-85
91
-152
-43
227
88
0
59
441
147
-16
85
-122
106
43
35
87
305
19
7
4
115
-133
92
-88
31
59
114
23
-40
-16
-92
-162
-71
36
-32
110
-84
-294
-110
-194
-446
55
-27
-16
-154
35
-131
239
-167
-81
-18
68
38
-80
44
155
67
-81
45
21
-45
-43
431
224
72
-127
-234
-46
125
7
46
333
219
-98
27
-132
155
63
-181
-94
79
425
-77
158
93
-128
39
-201
-161
196
210
58
-375
26
146
207
-59
-158
-165
97
35
-544
40
20
-250
-1
13
86
30
101
-145
81
61
-94
-76
1846
48
-101
-183
-59
-100
94
-102
4
63
-109
5
-2
-130
-20
127
-137
49
-142
40
244
-267
-380
-168
87
-104
-168
-72
36
-47
-30
3
-125
-77
-33
-142
77
-77
-364
28
-115
-1
-443
65
35
-103
-55
-31
293
-55
12
-208
-36
877
57
174
81
-137
260
89
-321
58
-275
534
-189
-122
-1
-91
-6
49
99
-193
-101
89
770
-318
-199
-70
-11
-404
-89
250
-100
138
156
-82
101
-99
-108
-14
438
184
181
4
292
146
-85
1741
46
-62
-62
-77
-13
381
-51
-110
-96
-58
115
208
47
-60
935
454
13
349
90
-64
1356
36
188
-154
-335
891
60
214
37
32
-106
-12
234
-25
-165
-83
-70
-99
232
1
40
-215
-56
-124
-1230
-147
-225
138
-33
-22
12
219
-513
379
157
-8
39
98
-73
-43
-29
98
-75
64
-199
27
40
60
397
197
40
-163
93
27
244
28
64
-203
214
91
168
-88
-339
34
323
-369
-119
28
-33
80
-60
103
-64
120
-34
100
-138
-8
124
16
113
32
180
-132
85
103
26
-239
130
-124
61
-200
340
97
67
-48
0
78
-41
-57
-422
-391
-169
9
439
13
119
46
-49
-52
100
188
-111
164
94
-97
317
-54
-88
-292
-22
109
-161
106
200
151
323
118
25
-269
-282
-477
-5
-182
209
-129
86
-566
213
106
-49
-99
-103
51
234
68
-93
0
-31
385
-255
71
-90
-42
-38
-118
-86
-151
43
670
388
144
52
569
48
-40
-24
-5
132
-57
4
0
-1
16
58
-226
383
109
15
-130
-92
103
-127
-108
-56
-257
-183
-83
-32
35
-111
-67
-56
119
153
-102
-261
-38
-3
-89
-73
-101
643
282
-45
-56
-126
87
381
121
0
-172
-92
-52
114
-113
-25
-83
-50
-165
121
28
66
205
8
102
-64
152
-324
-70
134
-481
493
17
-297
725
34
-53
77
87
259
-132
-96
76
127
-45
-52
-52
281
21
-158
25
717
476
-94
-210
920
38
-485
154
90
-148
-540
-170
-135
64
-161
-277
-109
163
412
-331
-87
-43
3
14
77
-104
-16
-3
-202
47
141
-33
-91
-126
179
176
111
38
386
697
-193
458
-58
139
88
89
337
346
-225
-265
-93
224
0
402
-29
205
-23
57
87
-119
1
7
35
260
-114
200
-120
508
32
124
103
41
-68
-11
173
-198
118
-164
-168
48
-87
-97
73
-178
-37
194
-58
15
14
-119
-26
-123
32
36
393
-134
-54
62
49
-312
-49
89
-11
-199
-42
-27
35
81
90
-213
80
94
-61
-204
-283
19
-138
-66
-205
233
167
-12
-133
403
-156
-188
-489
-493
289
34
93
2
141
-18
96
52
-46
-170
-382
-111
-89
-39
284
127
-203
-83
-62
-207
-84
-126
-18
-187
68
13
100
-326
182
-513
73
78
163
55
66
45
160
-39
114
-96
110
1
-168
27
196
-12
-35
-30
-7
-353
191
0
-66
187
-112
-113
31
-2
452
281
7
787
644
-202
212
204
-174
-153
-152
57
-1
131
-17
40
382
70
34
-57
-31
114
-77
-76
-149
132
244
40
-144
11
33
364
-123
-89
154
11
-43
531
-72
-315
-78
-209
8
104
-97
-26
-154
886
-54
291
229
165
258
42
256
-161
-22
441
69
127
-94
-45
-19
-71
77
29
77
127
85
46
-233
295
-81
-68
-163
110
-16
93
-282
176
35
59
-47
-449
185
-110
73
206
-122
155
760
-16
41
-47
-26
43
-83
9
-6
35
-99
304
69
-100
123
49
355
-173
-10
-232
96
-85
29
1399
25
133
0
2
223
-41
-77
-21
-44
-204
49
-9
12
16
-30
212
75
716
221
-1312
-110
317
97
47
133
-181
-239
79
-183
-247
47
114
267
39
10
130
135
194
-80
-224
-92
438
-149
57
85
201
148
168
64
-66
-12
-564
-39
-101
-571
-336
15
-27
-65
-208
68
65
14
-352
135
-16
-98
35
-113
-796
-445
-79
12
242
-222
-161
337
-30
30
28
-63
-11
-289
-47
2
-151
-133
-306
169
-118
189
1041
9
-339
-46
-528
157
417
-78
-248
101
109
61
107
-153
-21
72
-139
-65
80
-424
-78
-52
-66
-522
78
133
38
20
169
-312
-298
244
83
-328
-73
46
-104
-3
-59
35
224
-443
94
11
-8
-92
340
-27
313
22
-42
113
-95
-227
-166
-30
69
-151
-80
-96
-177
-90
67
-134
292
3
-34
-70
-76
-37
75
-206
-96
-111
26
95
53
-27
-92
-261
-204
27
-228
1308
331
-61
191
24
-140
-143
12
-57
-27
-216
-8
75
51
52
-73
7
-60
-61
59
-44
-37
18
96
130
-75
80
1685
-170
-42
50
-35
66
-42
-50
-206
202
-168
4
-205
-35
-205
418
-58
42
-48
295
-77
-19
-238
4
-202
-487
-74
-32
212
273
-56
-72
-172
-55
-45
-503
195
130
17
-251
-11
-280
424
64
-40
-36
-261
159
-163
206
189
254
-265
112
1
-17
193
51
188
813
68
8
91
-56
-31
-54
200
83
-68
-693
-464
-318
-63
-270
34
145
-159
-40
-94
12
53
60
-246
212
101
-49
-404
481
-77
-116
53
-477
-15
127
103
-115
149
-296
-170
195
269
56
-113
-65
303
-3
73
-10
-37
201
-125
410
13
145
1
103
-21
6
-66
-121
-6
-221
-271
114
118
-83
50
177
762
130
57
-25
-22
68
106
-109
-69
24
-11
-179
211
33
-216
215
-51
47
-97
-252
-7
144
-75
-157
408
345
164
241
612
2
-136
38
176
-276
-1276
121
43
-118
-23
116
-118
102
49
-174
42
-283
-19
-57
-62
-41
-208
125
-45
-25
321
-41
127
164
66
-186
-74
-57
-158
129
-44
49
289
2176
-60
-9
204
-195
-374
155
-63
-63
-235
-24
-286
-102
70
-181
180
65
-379
290
236
-67
98
51
-222
-54
25
118
-90
21
352
-35
27
-26
36
13
169
-27
125
-30
364
29
-74
-105
447
-46
-235
420
110
-55
-1317
837
-288
154
-287
258
149
16
-201
-293
-155
-12
79
46
-137
376
15
52
-586
-396
-36
65
288
-155
2113
-134
-148
27
-66
34
-563
724
32
449
-124
-94
-12
-136
54
60
-54
-66
-118
-415
154
-1169
629
0
-84
153
234
20
-223
103
99
147
-409
345
65
138
-253
286
-114
-52
88
411
106
116
158
-190
-175
15
173
80
3
-17
69
147
-290
-258
121
155
-136
-129
4
-293
-332
18
-172
-268
74
-211
-193
71
-103
-166
-154
-54
0
-46
152
13
-92
95
-57
30
-47
215
215
-48
392
-65
142
142
66
-181
-22
-269
-300
67
-37
24
-3
841
-69
-78
-106
-89
-98
193
-188
108
-199
-76
51
-4
-201
-71
-60
-938
-520
42
28
1188
-975
255
19
-113
-69
-203
-306
131
-386
-63
-16
12
-41
-158
141
-19
2
144
-96
-7
-68
2705
449
55
-93
-335
-215
-103
-179
-74
96
140
105
-108
249
592
218
46
-9
-121
111
-14
-51
-363
-78
-68
52
-55
77
-26
-99
-121
20
-23
68
156
-233
-220
-10
1217
-364
-230
151
-34
-9
-293
21
-25
63
106
-49
-277
-60
102
77
-87
38
940
-155
-55
148
27
395
-146
44
324
134
-113
-16
30
459
-486
-170
-114
-512
969
-120
154
295
40
213
-179
-157
-404
-499
-490
126
44
232
4
-115
-655
20
192
99
287
40
-230
449
85
143
163
-19
9
103
-131
308
-75
-52
-108
90
600
14
38
-35
-160
101
-143
-75
-55
25
-75
58
-133
-10
-3
194
-28
-176
84
-91
204
253
-171
-13
99
-70
-16
-58
-37
-506
-336
268
-129
-326
-77
-20
-50
5
121
115
124
-70
-344
30
231
-21
-61
224
-80
-275
-58
122
212
168
-526
9
31
186
-322
32
-55
118
-112
-298
-57
177
120
-130
155
-91
241
127
153
-85
-104
-29
-208
-84
43
130
-97
-24
97
114
59
445
-57
16
-20
-348
8
1490
904
-66
-197
71
-140
-18
528
124
180
12
-107
-114
48
6
-14
-129
-131
636
360
-6
38
152
328
-3
-20
489
-18
-121
109
181
-99
80
22
-950
-104
-26
16
-146
-58
-517
281
351
63
332
75
-353
296
-320
396
-163
-39
1
49
-85
237
0
-70
125
-3
360
-159
328
161
84
-274
191
321
271
123
70
82
135
-60
-42
-117
-19
1318
-69
-30
-122
-46
19
20
792
22
-279
-143
20
390
-257
-697
43
-170
520
338
349
227
18
53
237
-93
197
105
28
-141
120
-9
-392
68
106
1
-27
77
0
-312
205
-11
66
154
-50
237
19
187
87
642
-42
9
-95
-28
-140
-86
8
-17
-58
-33
-38
-155
19
-18
21
-39
184
58
670
10
-15
-103
-79
59
211
-155
-121
-160
-119
-342
1720
245
-77
-24
-238
-50
190
4
-363
-94
176
0
36
-72
25
93
-88
252
-319
46
-104
-155
40
-56
34
-292
40
450
144
-457
-465
68
-32
-135
51
-172
103
-99
-50
-466
-347
-100
-36
45
-120
26
57
-54
1164
-971
-457
523
-257
71
5
112
-178
45
85
-91
133
50
34
153
-57
233
20
-100
-46
141
99
-32
143
18
-340
-57
5
-68
-314
-969
-411
5
90
-460
67
278
65
19
27
19
10
11
-123
58
-247
-81
127
74
4
-150
49
306
-961
577
25
-234
-226
-88
105
-53
9
36
-36
16
102
-24
17
-138
182
-167
161
-288
146
-175
-86
-644
32
96
305
-2
-66
-135
199
9
185
438
-165
130
-235
55
292
-61
-41
15
66
-164
110
214
-78
-15
310
-90